** Test read of input file
*Model, name=model_1, ndim=2, flat deck=no
*Part, name=part_1
*Node, nset=part_1_nodes
    1,		-0.150000000000000,		0
	2,		-0.135000000000000,		0.00171000000000000
	3,		-0.120000000000000,		0.00324000000000000
	4,		-0.105000000000000,		0.00459000000000000
	5,		-0.0900000000000000,	0.00576000000000000
	6,		-0.0750000000000000,	0.00675000000000000
	7,		-0.0600000000000000,	0.00756000000000000
	8,		-0.0450000000000000,	0.00819000000000000
	9,		-0.0300000000000000,	0.00864000000000000
	10,		-0.0150000000000000,	0.00891000000000000
	11,		0,						0.00900000000000000
	12,		0.0150000000000000,		0.00891000000000000
	13,		0.0300000000000000,		0.00864000000000000
	14,		0.0450000000000000,		0.00819000000000000
	15,		0.0600000000000000,		0.00756000000000000
	16,		0.0750000000000000,		0.00675000000000000
	17,		0.0900000000000000,		0.00576000000000000
	18,		0.105000000000000,		0.00459000000000000
	19,		0.120000000000000,		0.00324000000000000
	20,		0.135000000000000,		0.00171000000000000
	21,		0.150000000000000,		0
*Element, type=t2d2, elset=part_1_elems
	1,		1,		2
	2,		2,		3
	3,		3,		4
	4,		4,		5
	5,		5,		6
	6,		6,		7
	7,		7,		8
	8,		8,		9
	9,		9,		10
	10,		10,		11
	11,		11,		12
	12,		12,		13
	13,		13,		14
	14,		14,		15
	15,		15,		16
	16,		16,		17
	17,		17,		18
	18,		18,		19
	19,		19,		20
	20,		20,		21
*Solid section, elset=part_1_elems, material=aluminum
	10.0
*End part
*Assembly, name=assembly_1
*Instance, name=instance_1, part=part_1
	0,	0,	0,	0,	0,	0
*End instance
*End assembly
*Material, name=dummymat
*Elastic, type=isotropic
	70000.0, 0.33
*Step, name=step-1, nlgeom=off
*End step
*End model

